s
2439  3301 
2441 0.001
2441 0.001
2441 0.001
2441 0.001
2441 0.001
2441 0.001
2441 0.001
2441 0.001
2441 0.001
2441 0.001
2441 0.001
2441 0.001
2441 0.001
2441 0.001
2441 0.001
2441 0.001
2441 0.001
2441 0.001
2441 0.001
2441 0.001
2441 0.001
2441 0.001
2441 0.001
2441 0.001
2441 0.001
2441 0.001
2441 0.001
2441 0.001
2441 0.001
2441 0.001
2441 0.001
2441 0.001
2441 0.001
2441 0.001
2441 21069697.13614568
2441 0.001
2441 0.001
2441 0.001
2441 0.001
2441 0.001
2441 0.001
2441 0.001
2441 0.001
2441 0.001
2441 0.001
2441 0.001
2441 0.001
2441 0.001
2441 0.001
2441 0.001
2441 0.001
2441 0.001
2441 0.001
2441 0.001
2441 0.001
2441 0.001
2441 0.001
2441 0.001
2441 0.001
2441 0.001
2441 0.001
2441 0.001
2441 0.001
2441 0.001
2441 0.001
2441 0.001
2441 0.001
2441 0.001
2441 0.001
2441 0.001
2441 0.001
2441 0.001
2441 0.001
2441 0.001
2441 0.001
2441 0.001
2441 0.001
2441 0.001
2441 0.001
2441 0.001
2441 0.001
2441 0.001
2441 0.001
2441 0.001
2441 0.001
2441 0.001
2441 0.001
2441 0.001
2441 0.001
2441 0.001
2441 0.001
2441 4038572.998166194
2441 0.001
2441 0.001
2441 0.001
2441 0.001
2441 0.001
2441 0.001
2441 0.001
2441 0.001
2441 7554321.926917426
2441 0.001
2441 0.001
2441 0.001
2441 0.001
2441 0.001
2441 0.001
2441 0.001
2441 0.001
2441 0.001
2441 0.001
2441 0.001
2441 0.001
2441 0.001
2441 0.001
2441 0.001
2441 0.001
2441 0.001
2441 0.001
2441 0.001
2441 0.001
2441 0.001
2441 0.001
2441 0.001
2441 0.001
2441 0.001
2441 0.001
2441 0.001
2441 0.001
2441 5540968.857324334
2441 0.001
2441 0.001
2441 0.001
2441 0.001
2441 0.001
2441 789974.8050650953
2441 0.001
2441 0.001
2441 0.001
2441 0.001
2441 0.001
2441 0.001
2441 1524783.387600924
2441 0.001
2441 0.001
2441 5057976.815279268
2441 0.001
2441 757614.5935931425
2441 0.001
2441 0.001
2441 68047.46146156164
2441 0.001
2441 0.001
2441 0.001
2441 0.001
2441 0.001
2441 0.001
2441 0.001
2441 0.001
2441 0.001
2441 0.001
2441 17802051.70826078
2441 0.001
2441 2521732.3409731304
2441 0.001
2441 0.001
2441 0.001
2441 21186304.19536328
2441 0.001
2441 0.001
2441 0.001
2441 0.001
2441 0.001
2441 0.001
2441 0.001
2441 0.001
2441 0.001
2441 0.001
2441 0.001
2441 0.001
2441 0.001
2441 10384384.856647152
2441 0.001
2441 0.001
2441 0.001
2441 0.001
2441 0.001
2441 5980113.023717095
2441 9285480.26189153
2441 1797985.3777264147
2441 0.001
2441 3244032.6800705213
2441 0.001
2441 0.001
2441 0.001
2441 0.001
2441 0.001
2441 0.001
2441 0.001
2441 14755863.366573649
2441 0.001
2441 0.001
2441 21276068.723060563
2441 22214169.83373844
2441 0.001
2441 0.001
2441 22511160.950355317
2441 0.001
2441 0.001
2441 0.001
2441 0.001
2441 0.001
2441 0.001
2441 0.001
2441 0.001
2441 16093348.471691767
2441 0.001
2441 7031150.751713781
2441 0.001
2441 0.001
2441 0.001
2441 0.001
2441 0.001
2441 0.001
2441 0.001
2441 11900201.349198246
2441 20160964.874255586
2441 0.001
2441 0.001
2441 0.001
2441 0.001
2441 0.001
2441 0.001
2441 0.001
2441 0.001
2441 0.001
2441 18635499.97247941
2441 0.001
2441 0.001
2441 0.001
2441 0.001
2441 0.001
2441 8566362.546301976
2441 47787731.67721223
2441 0.001
2441 3517899.453278898
2441 0.001
2441 8626579.529893972
2442 0.001
2442 0.001
2442 0.001
2442 0.001
2442 0.001
2442 0.001
2442 0.001
2442 19567040.5079886
2442 0.001
2442 0.001
2442 0.001
2442 0.001
2442 0.001
2442 0.001
2442 0.001
2442 0.001
2442 0.001
2442 0.001
2442 303835.53796573856
2442 0.001
2442 0.001
2442 0.001
2442 0.001
2442 460411.7069850186
2442 0.001
2442 0.001
2442 0.001
2442 0.001
2442 0.001
2442 0.001
2442 0.001
2442 1632904.534148452
2442 0.001
2442 0.001
2442 0.001
2442 0.001
2442 0.001
2442 15572358.725836243
2443 18785802.3571873
2444 18417099.369197816
2445 0.001
2445 0.001
2445 11730289.67556342
2445 0.001
2445 0.001
2445 0.001
2445 0.001
2445 0.001
2445 0.001
2445 0.001
2445 0.001
2445 0.001
2445 0.001
2445 0.001
2445 22785065.413670607
2445 11370601.205230787
2445 0.001
2445 0.001
2445 0.001
2445 8038150.529221914
2445 0.001
2445 14178946.54790035
2445 0.001
2445 0.001
2445 22235479.961862348
2446 0.001
2446 0.001
2446 340188.67453957675
2446 0.001
2446 0.001
2446 18215712.983432915
2446 0.001
2446 0.001
2446 18427213.279581677
2446 0.001
2446 0.001
2446 0.001
2446 54727.71952503533
2446 0.001
2446 0.001
2446 0.001
2446 0.001
2446 0.001
2446 0.001
2446 0.001
2446 0.001
2446 0.001
2446 938768.3630968926
2446 0.001
2446 0.001
2446 0.001
2446 0.001
2446 73100.3776107465
2446 0.001
2446 0.001
2446 0.001
2446 0.001
2446 0.001
2446 5837722.92876142
2446 0.001
2446 2875.635440789963
2446 0.001
2446 0.001
2446 0.001
2446 0.001
2446 7044060.034718216
2446 0.001
2446 0.001
2446 0.001
2446 0.001
2446 15631515.060747009
2446 0.001
2446 1437133.6671464883
2446 0.001
2446 0.001
2446 21805913.54832898
2446 0.001
2446 0.001
2446 0.001
2446 0.001
2446 0.001
2446 0.001
2446 0.001
2446 0.001
2446 10858133.906911736
2446 2216629.4467552416
2446 0.001
2446 0.001
2446 0.001
2446 14885266.223683732
2446 8506982.502994461
2446 0.001
2446 23641429.94057256
2446 0.001
2446 0.001
2446 8256774.204817646
2446 0.001
2446 0.001
2446 0.001
2446 1041220.0662091483
2447 6813443.510284695
2447 0.001
2447 0.001
2447 14014899.89943417
2449 356723.9789676206
2449 0.001
2449 0.001
2449 0.001
2449 0.001
2449 849287.5431328674
2449 0.001
2449 0.001
2449 0.001
2449 6540558.92638811
2449 0.001
2449 12423449.387395566
2449 14168193.191716991
2449 236722.25803337226
2449 0.001
2449 0.001
2449 0.001
2449 0.001
2449 0.001
2449 0.001
2449 0.001
2449 0.001
2449 0.001
2449 0.001
2449 0.001
2449 7871458.769427025
2449 0.001
2449 0.001
2449 0.001
2449 0.001
2449 24982663.190021567
2450 0.001
2450 20869993.96802074
2452 0.001
2452 0.001
2452 14360599.061398184
2452 0.001
2452 0.001
2452 2253747.202447472
2452 7571882.507234862
2452 0.001
2452 1934630.2292081374
2452 0.001
2452 0.001
2452 0.001
2452 0.001
2452 0.001
2452 20164909.121643707
2452 14813908.927260578
2452 29490850.2220622
2452 17782377.721758753
2452 0.001
2452 9305536.979076589
2452 0.001
2452 0.001
2452 0.001
2452 66987373.62713689
2453 4115089.303301565
2453 0.001
2453 0.001
2453 0.001
2453 6723612.995611457
2453 0.001
2453 8473443.982361786
2453 12289446.492813278
2453 0.001
2453 0.001
2453 11006115.090310993
2453 0.001
2453 0.001
2453 0.001
2453 12081041.937530406
2453 10057725.337848313
2453 3902173.154575917
2453 0.001
2453 0.001
2453 0.001
2453 5176706.789542092
2453 0.001
2453 0.001
2453 5706397.865268025
2453 10745678.703498673
2454 0.001
2454 194840.6395375161
2454 0.001
2454 2510032.457113167
2454 2277728.834274333
2454 0.001
2454 0.001
2454 0.001
2454 0.001
2454 5911804.277858482
2454 0.001
2454 0.001
2454 0.001
2454 6881205.968349226
2455 7396234.005949623
2455 0.001
2455 0.001
2455 0.001
2455 0.001
2455 0.001
2455 5051123.69368657
2456 12820314.495156521
2456 21582620.03255808
2457 0.001
2457 1038621.1355381992
2457 19071053.399315614
2457 0.001
2457 0.001
2457 0.001
2457 10359.012849691317
2457 0.001
2457 0.001
2457 0.001
2457 0.001
2457 0.001
2457 0.001
2457 432032.1922268689
2458 29848215.926548906
2458 0.001
2458 0.001
2458 816528.9121329281
2458 0.001
2458 15337709.504307467
2460 0.001
2460 0.001
2460 23509146.434899144
2461 0.001
2461 13727771.409877239
2461 0.001
2461 0.001
2461 4495054.434916065
2462 13340553.771339735
2464 0.001
2464 1372746.3850861816
2466 0.001
2466 2876728.641473723
2466 0.001
2466 0.001
2466 7956166.551348562
2466 12121022.943339737
2466 4218722.715731275
2466 0.001
2466 0.001
2466 0.001
2466 0.001
2466 0.001
2466 0.001
2466 0.001
2466 3602316.1857913844
2466 14906190.199579721
2466 19135026.924038913
2466 0.001
2466 0.001
2466 0.001
2466 17642183.82579678
2466 0.001
2466 15146457.07976951
2466 0.001
2466 4473510.51938414
2466 0.001
2466 0.001
2466 24114103.316305283
2467 0.001
2467 22302018.73160084
2467 0.001
2467 1226405.9092772452
2467 0.001
2467 942742.7539680413
2467 0.001
2467 17436348.794749025
2467 20118274.506960202
2468 3783611.8390666903
2468 23038052.530702833
2468 3199777.723658772
2469 352060.08485241426
2469 1240550.5796018557
2469 0.001
2469 0.001
2469 0.001
2469 7290474.525109733
2469 0.001
2469 21133007.160658024
2469 0.001
2469 0.001
2469 0.001
2469 1464806.036213646
2469 1027691.8616587779
2470 0.001
2470 0.001
2470 5892377.599683332
2470 1356006.1221103398
2470 0.001
2470 19474035.075225253
2470 0.001
2470 22386039.799761374
2470 17575241.577762883
2470 0.001
2470 0.001
2470 22360.457160455266
2470 0.001
2470 11602052.8624583
2471 0.001
2471 1067318.9294282496
2471 0.001
2471 0.001
2471 978750.9619302569
2471 13888173.358834142
2472 0.001
2472 15246313.878930021
2472 0.001
2472 0.001
2472 0.001
2472 12569469.566187797
2472 558398.1900823826
2473 14738978.843089614
2473 22189228.679106295
2473 11468583.30742169
2473 126347.03222439835
2473 21809035.919628844
2474 0.001
2474 3123057.445450563
2476 1176728.1009751826
2476 22532664.89452004
2476 0.001
2476 0.001
2476 0.001
2476 2282455.85533925
2476 0.001
2476 23395037.364874355
2480 17670347.91397921
2481 0.001
2481 684350.6094787146
2481 0.001
2481 0.001
2481 14683276.728366684
2481 0.001
2481 37845122.69661341
2482 0.001
2482 0.001
2482 15572546.496694773
2482 0.001
2482 13325034.59508892
2482 0.001
2482 3143299.885652858
2482 0.001
2482 5001422.656179901
2483 17929402.318141155
2483 10408537.097207198
2483 0.001
2483 0.001
2483 0.001
2483 0.001
2483 0.001
2483 1118907.21997241
2484 22563914.065504756
2485 0.001
2485 13291752.878157904
2486 48183348.97893045
2486 0.001
2486 3542.9545812239753
2486 1917196.5724620977
2487 0.001
2487 0.001
2487 0.001
2487 370.99622324280455
2487 0.001
2487 0.001
2487 0.001
2487 20392131.342923697
2487 26944149.814133883
2488 0.001
2488 0.001
2488 15808692.595146494
2488 0.001
2488 21344331.57715785
2488 4295648.814942663
2488 19797088.396609873
2488 23407150.14670603
2488 711511.1125035114
2488 0.001
2488 0.001
2488 0.001
2488 0.001
2488 0.001
2488 0.001
2488 0.001
2488 1854504.364528123
2488 0.001
2488 0.001
2488 0.001
2488 3123457.2201486733
2488 44035854.138577655
2488 13512305.63517635
2488 0.001
2488 5085023.368159765
2489 6429529.62760509
2489 0.001
2489 0.001
2489 12569659.966618478
2490 0.001
2490 37307129.01001611
2490 0.001
2490 0.001
2490 12611975.901273923
2490 428.99451069441676
2490 0.001
2490 0.001
2490 0.001
2490 0.001
2490 20236529.584270526
2491 0.001
2491 0.001
2491 0.001
2491 0.001
2491 0.001
2491 0.001
2491 0.001
2491 0.001
2491 1333000.5989895808
2492 316101.3713360672
2492 0.001
2492 23463912.987166665
2493 0.001
2493 6311808.150774407
2493 0.001
2493 0.001
2493 0.001
2493 0.001
2493 9022462.491365133
2493 8162691.911891707
2494 1281237.7153346245
2494 18852903.87035657
2495 0.001
2495 0.001
2495 23803602.483503927
2496 0.001
2496 0.001
2496 393788.0903008851
2496 3419097.113171958
2496 0.001
2496 115688.86502273788
2496 0.001
2496 14311614.14714799
2497 0.001
2497 0.001
2497 0.001
2497 3383258.9844637685
2498 107077.31868741072
2498 17205842.819174845
2498 22633069.8811769
2499 111033.26835427998
2499 17562082.75472839
2499 0.001
2499 0.001
2499 1321846.3590559515
2499 0.001
2499 5200238.509772758
2500 12006418.194083435
2500 0.001
2500 0.001
2500 19389379.375160318
2501 0.001
2501 656685.4111600516
2501 0.001
2501 0.001
2501 9074415.968787922
2501 0.001
2501 0.001
2501 18439216.254607394
2503 2885120.445325361
2503 0.001
2503 0.001
2503 103638.23996241279
2503 0.09958862821048385
2503 0.001
2503 0.001
2503 5671803.103424406
2503 0.001
2503 0.001
2503 27790195.182303183
2504 2958984.278542663
2504 703807.7236242105
2504 3932843.8647914515
2504 12151284.10590469
2505 0.001
2505 0.001
2505 0.001
2505 0.001
2505 0.001
2505 5695961.463081697
2505 994847.3398714486
2505 9580600.297941502
2505 0.001
2505 0.001
2505 0.001
2505 8453314.415440831
2505 12367642.466687296
2505 17418266.15926006
2506 7619765.740907531
2506 3433674.095151822
2506 251376.40040811215
2508 1996472.1131451095
2509 0.001
2509 0.001
2509 23655307.323832117
2510 0.001
2510 8873828.23851451
2512 25951289.415744606
2513 0.001
2513 18959125.518598262
2514 152401.49166341586
2515 1836282.797689371
2516 0.001
2516 15977443.737878956
2516 7475016.784215559
2516 9586326.296339355
2518 0.001
2518 18761807.21527877
2518 189306.82007022863
2518 4889467.430719938
2518 11060.84911894029
2518 341521.194678602
2519 0.001
2519 14883.172452433419
2519 0.001
2519 2666193.7171623143
2521 22471258.802779943
2524 6434843.422788959
2524 25055886.017446417
2525 0.001
2525 0.001
2525 15199873.696522174
2526 9375113.33705563
2527 0.001
2527 5491175.702601423
2527 0.001
2527 627200.4908318967
2527 0.001
2527 602933.1516196191
2527 27289782.02610578
2530 17088877.039159924
2531 0.001
2531 0.001
2531 0.001
2531 0.001
2531 0.001
2531 10273278.691804621
2531 959689.0450179506
2531 0.001
2531 19630035.397630166
2531 0.001
2531 8987405.960122237
2533 0.001
2533 0.001
2533 3713687.2712235744
2534 0.001
2534 6527923.483158743
2534 2871001.2755798614
2535 0.001
2535 2699327.325027474
2535 631475.7110891002
2536 16802919.845645413
2536 11792659.366528697
2536 0.001
2536 0.001
2536 7309898.8957880465
2536 655320.5489792665
2536 0.001
2536 19442291.152978987
2536 4212208.248130611
2536 8444350.009970278
2536 0.001
2536 13186726.43084533
2536 0.001
2536 22511431.785480946
2536 8993492.402409349
2537 0.001
2537 0.001
2537 1374275.4829330002
2537 0.001
2537 0.001
2537 44794180.15554958
2540 0.001
2540 0.001
2540 9776178.78115815
2541 1846835.342602286
2541 3189689.0337300478
2541 0.001
2541 8296.77861224292
2541 6734788.995421719
2541 736771.91302087
2541 4254086.489140602
2541 0.001
2541 0.001
2541 0.001
2541 36804198.69359463
2542 0.001
2542 0.001
2542 18316419.70144784
2542 12065584.234694676
2543 0.001
2543 76204470.57825536
2547 6682742.425045033
2548 15158526.084347822
2549 7182017.872596508
2549 9637811.691719607
2549 18880446.71579119
2549 7712634.085539446
2549 0.001
2549 0.001
2549 8979969.048573654
2549 0.001
2549 0.001
2549 0.001
2549 2124466.9603041066
2551 0.001
2551 12617589.034020366
2552 5689846.40959131
2553 0.001
2553 16897545.798800673
2554 4517974.93992781
2554 2522527.667929944
2554 10708393.43355878
2554 0.001
2554 239178.52785093678
2556 0.001
2556 8503937.294267328
2556 18317235.20645557
2559 22891038.73781796
2559 0.001
2559 7247581.00325442
2559 19306451.248013727
2562 12278309.077856185
2562 0.001
2562 0.001
2562 0.001
2562 11735810.70116318
2562 29893582.420299567
2563 3736674.101253555
2565 0.001
2565 0.001
2565 16555294.783491459
2566 12861528.221812094
2566 0.001
2566 0.001
2566 34224878.97812655
2566 14164409.599664578
2566 16333436.098166041
2567 18554799.5191172
2568 0.001
2568 11490634.4739991
2568 18025369.468648393
2569 189942.8235916062
2569 24601326.265863296
2570 24111547.306253474
2570 26565257.064535107
2575 16728765.451841049
2575 23353428.98080966
2576 0.001
2576 0.001
2576 8219607.42409721
2577 3674973.0034853374
2577 0.001
2577 15282441.669229204
2579 0.001
2579 16264116.387164388
2580 21809674.849555857
2580 0.001
2580 0.001
2580 2273520.1095384094
2580 5339752.761856988
2580 8862231.609583015
2583 3981775.458629859
2584 4714916.554716324
2584 23695530.8038035
2587 354.0829196021034
2587 3281740.6124762306
2587 17765236.693387624
2588 0.001
2588 1687084.077111373
2588 5230072.993192463
2588 5437665.6535876095
2588 27963712.627227753
2588 4862907.387647749
2588 1498.630744261606
2590 11642258.099953724
2590 7125116.224239366
2590 24862466.595285784
2595 15898397.89982442
2595 0.001
2595 0.001
2595 9912655.07350181
2595 14483890.687826723
2595 18516664.116438556
2595 1583582.3029358247
2596 16547315.520616138
2596 3244249.9557212605
2596 0.001
2596 0.001
2596 0.001
2596 0.001
2596 13878096.679904636
2597 8434245.87470497
2599 0.001
2599 4081620.6790112285
2600 5855.420177345042
2601 2224356.439849841
2601 12244401.830480812
2602 12326935.218264999
2602 21371522.772200935
2602 0.001
2602 0.001
2602 20391879.07787071
2602 7132130.181073688
2602 5572310.8091910705
2604 991.059996643346
2604 0.001
2604 1096498.1016009224
2604 902087.8494518123
2604 21208146.961195055
2605 0.001
2605 52437890.99200936
2608 0.001
2608 11257010.204121614
2611 11278446.835320475
2612 1136121.5821747403
2613 0.001
2613 0.001
2613 0.001
2613 0.001
2613 0.001
2613 21379438.02356965
2615 0.001
2615 0.001
2615 16511770.872957828
2617 15161764.132012421
2618 0.001
2618 6508883.585243504
2618 0.001
2618 9825671.31092785
2620 18707091.164676793
2622 7347559.710820602
2622 0.001
2622 7659095.184735427
2623 0.001
2623 0.001
2623 0.001
2623 20441322.7482685
2625 0.001
2625 19103003.42146001
2626 4895376.951275482
2627 26404468.272166416
2627 14750627.771398704
2627 23704063.927821696
2627 0.001
2627 0.001
2627 0.001
2627 4572439.726820865
2627 330.12683892654803
2628 0.001
2628 0.001
2628 466351.0762514299
2628 12631452.326560209
2629 0.001
2629 23113768.381372076
2632 0.001
2632 8323698.398582555
2633 16447023.762344614
2633 0.001
2633 0.001
2633 0.001
2633 9426674.404157622
2633 0.001
2633 6091935.002591205
2633 23823752.876305252
2633 22202153.560188845
2633 0.001
2633 0.001
2633 14699130.592592312
2633 19482227.422747508
2633 0.001
2633 5143813.970714606
2634 9590160.350945232
2634 14782848.290987367
2635 324533.3142563148
2635 0.001
2635 0.001
2635 27315179.973347675
2637 0.001
2637 37562.15036585242
2639 632093.6179722795
2639 0.001
2639 0.001
2639 17413911.579833243
2640 0.001
2640 0.001
2640 0.001
2640 12219897.92328873
2643 3169172.5687655048
2645 11067096.59612147
2645 0.001
2645 0.001
2645 0.001
2645 0.001
2645 0.001
2645 2209382.6820007972
2645 2352263.478542202
2646 2098573.1531863865
2648 33069271.40445695
2650 1363977.2747974067
2650 19038987.495495852
2650 0.001
2650 13015877.801072797
2651 17582777.814401094
2651 0.001
2651 0.001
2651 0.001
2651 28750433.906723026
2653 8544718.618344786
2653 0.001
2653 0.001
2653 5616373.428380809
2654 26007670.143571593
2655 2927535.9257114083
2655 18176816.91418459
2655 42847291.641880855
2657 30917693.008394875
2657 10197558.689421847
2657 28879656.556058865
2660 5536540.507845608
2660 0.001
2660 6691513.173935823
2660 0.001
2660 0.001
2660 0.001
2660 1965531.5558161717
2661 12595011.539491104
2663 25005427.128053363
2666 1851135.8981657522
2667 21896835.31355804
2668 0.001
2668 364995.3714784276
2670 0.001
2670 0.001
2670 0.001
2670 5145024.117191364
2670 0.001
2670 22456532.42744409
2670 2371869.7068036655
2672 22001403.61261894
2672 26112745.243226018
2676 0.001
2676 8863765.720144821
2676 655951.9044030441
2676 35739980.81086323
2678 0.001
2678 10103230.73904593
2680 0.001
2680 12716381.11469498
2680 0.001
2680 750122.2720106983
2680 6869302.468243988
2682 22034605.1847891
2682 0.001
2682 1681525.0683934784
2685 0.001
2685 1671569.50958165
2685 7237228.597794277
2686 18486111.212004654
2687 0.001
2687 20876985.508589108
2687 0.001
2687 9712043.186811093
2688 13921926.491519209
2688 1202762.6375671425
2690 10660401.674414262
2690 5349297.954173275
2692 0.001
2692 20555870.113319185
2692 0.001
2692 0.001
2692 14830730.145610511
2695 0.001
2695 2644245.8656539763
2695 2031046.9692797975
2695 24808738.7298152
2698 9164585.277183086
2700 0.001
2700 69595.65798793246
2700 0.001
2700 0.001
2700 0.001
2700 4734413.558080354
2702 16268144.235617429
2704 0.001
2704 0.001
2704 0.001
2704 7656881.291154571
2706 8321779.800735855
2707 7863659.557633702
2708 0.001
2708 2720313.807556179
2710 895295.5387976924
2710 0.001
2710 14186616.77888145
2713 13410104.19590055
2717 779849.9302110138
2718 0.001
2718 24596966.36418168
2720 32611856.00954924
2721 12216319.415866995
2721 0.001
2721 3259820.961119101
2721 18445227.743539967
2721 28922432.690478317
2723 0.001
2723 16841013.332723755
2724 37907531.12594964
2726 0.001
2726 820999.3526762225
2727 26609111.22156414
2727 23472173.576944754
2727 0.001
2727 10350177.185764285
2727 1832166.3689554194
2727 0.001
2727 11582545.926765993
2727 0.001
2727 31518.927476775832
2727 24332800.79305735
2727 2069565.0745093774
2727 17683322.4264082
2727 0.001
2727 113485.07646465761
2727 16604207.842355154
2728 4786527.689276031
2728 3295078.0419961764
2728 29036785.55586575
2728 10024578.369905878
2728 0.001
2728 0.001
2728 0.001
2728 11709062.897624837
2730 0.001
2730 594847.8404191799
2730 0.001
2730 914936.2434376894
2732 56346.60452275742
2732 0.001
2732 4075281.6365407524
2733 1773029.3503927304
2733 0.001
2733 8410226.212211225
2733 22461280.762006108
2733 8127541.4587535225
2734 0.001
2734 38514213.18140642
2734 181758.67585269778
2734 9854943.173219908
2734 24511267.530284926
2734 7321293.832884731
2735 0.001
2735 2372968.1608131574
2735 0.001
2735 85537.64946399156
2735 5144636.247364319
2736 0.001
2736 0.001
2736 1806683.7043447688
2736 0.001
2736 1610939.966125004
2736 28777202.37981188
2736 0.001
2736 0.001
2736 0.001
2736 0.001
2736 3629981.809313502
2736 3348142.9847913585
2737 0.001
2737 0.001
2737 22895871.23593272
2738 0.001
2738 15912038.575419629
2739 9394242.63769
2740 11741327.977719944
2741 14679432.34920088
2741 0.001
2741 9558276.485728912
2741 234967.51566050347
2743 0.001
2743 18547018.002369594
2744 28721500.486673515
2745 0.001
2745 0.001
2745 2708120.1425259793
2745 15786647.695412448
2745 5888568.154203306
2747 0.001
2747 18081867.068276946
2748 0.001
2748 0.001
2748 4334223.997633938
2748 23132689.51327094
2748 38160922.02562806
2752 8676947.26846465
2752 0.001
2752 9397104.14001069
2752 0.001
2752 2006991.926580364
2752 19732835.8772927
2755 0.001
2755 16113077.983692085
2755 1174668.8828236512
2755 24109283.68282825
2757 0.001
2757 10583875.540844513
2757 11891791.390650406
2758 6121859.961967472
2758 0.001
2758 21065257.8912747
2759 11074639.45003785
2761 22474434.619817656
2762 16898421.746650793
2762 25403975.09804209
2762 31727330.43963625
2764 24547914.627449844
2764 2465551.819061773
2764 0.001
2764 21010252.267997004
2766 709965.9057332234
2766 0.001
2766 0.001
2766 12931361.989956528
2767 0.001
2767 4807726.7484629275
2768 0.001
2768 0.001
2768 14193883.253805077
2771 6739404.452166368
2772 0.001
2772 20811651.057551
2772 0.001
2772 1168619.6213569466
2774 6749190.064692243
2774 20503269.073474173
2774 1002794.6872616037
2774 554992.9842979353
2775 0.001
2775 2948247.447434712
2775 8762433.922972137
2777 0.001
2777 0.001
2777 4151657.289683337
2778 0.001
2778 14703498.370146634
2779 7622782.88392798
2781 5241765.293374149
2783 164254.27111738455
2783 28360.095759411288
2783 24872092.747158572
2786 0.001
2786 15264334.75237885
2788 0.001
2788 0.001
2788 16207192.205295961
2788 102764.53201887362
2789 3355501.269980473
2789 0.001
2789 15752008.513121452
2789 0.001
2789 20742182.664646532
2791 16174032.712146873
2793 8640953.996403879
2795 0.001
2795 0.001
2795 24414368.669872906
2795 12483031.407270685
2799 33245380.614610907
2801 5307155.275215286
2801 18154201.154064413
2805 0.001
2805 19164904.678358823
2807 6678459.733348623
2808 11153936.965230715
2808 0.001
2808 4208878.671903224
2809 0.001
2809 0.001
2809 18559583.106030583
2810 0.001
2810 24866737.415208094
2810 825585.5553154529
2810 49113789.95238749
2813 0.001
2813 0.001
2813 0.001
2813 0.001
2813 0.001
2813 5532735.71935209
2815 6349065.067391371
2815 0.001
2815 0.001
2815 0.001
2815 0.001
2815 18238998.303565666
2815 30108842.738840148
2817 0.001
2817 0.001
2817 30263568.56871328
2817 10452713.018970167
2818 0.001
2818 8911743.047398742
2818 0.001
2818 0.001
2818 1641017.3873317079
2818 3155737.5301245456
2818 28506220.945442837
2819 0.001
2819 31789217.83901222
2819 0.001
2819 0.001
2819 0.001
2819 0.001
2819 1065113.231886125
2820 101.41850552615661
2820 28312614.932780687
2822 137760.3678065265
2823 0.001
2823 2851.699065706362
2823 11068519.851380365
2824 374.4394855401532
2824 0.001
2824 737163.3804256434
2824 0.001
2824 12511807.135076268
2824 0.001
2824 36975307.877591334
2826 0.001
2826 5503085.712574683
2826 0.001
2826 36543891.4791875
2828 0.001
2828 0.001
2828 2183587.0206975085
2828 39296263.43119235
2833 454102.0939868069
2834 0.001
2834 6722254.673819624
2834 23098917.863386087
2834 0.001
2834 10836520.10009912
2834 27056995.21357181
2834 8568890.69505752
2834 8218899.573452931
2834 16756668.61822359
2835 1579733.1727618638
2835 0.001
2835 23989960.365188196
2836 0.001
2836 18896618.233289845
2837 18497062.379953854
2838 13087847.505529448
2838 0.001
2838 0.001
2838 21981967.025122065
2839 5359916.974558007
2839 14056167.991846845
2839 1528947.3085403938
2839 0.001
2839 0.001
2839 2907123.385074199
2841 0.001
2841 5744535.663406546
2841 15191295.930999879
2843 7097266.884367079
2844 0.001
2844 45655811.528000325
2845 0.001
2845 0.001
2845 12504069.626292476
2848 11927535.64755491
2848 11802387.213542236
2848 0.001
2848 17695945.284016293
2850 23172553.61616808
2850 9102.585460648927
2850 14942951.853992213
2851 2728615.4744833237
2851 16399935.693816228
2851 4398257.070884606
2851 0.001
2851 31574.83594063646
2851 23453615.437786765
2853 19867129.482538056
2853 0.001
2853 949260.6638818576
2856 3045452.5476363725
2857 129700.56791171465
2857 92514.2564074148
2857 4354498.096451882
2857 14215477.346871838
2857 0.001
2857 0.001
2857 2408475.277085929
2857 0.001
2857 0.001
2857 26526625.08563519
2857 20450064.142403774
2857 0.001
2857 217165.16424208018
2857 33766348.74846418
2857 0.001
2857 10669529.464786246
2857 15012501.625304217
2857 0.001
2857 0.001
2857 0.001
2857 20944698.154790055
2857 24259350.2478638
2857 0.001
2857 8194313.548768708
2857 0.001
2857 12309758.816306658
2858 20904381.494892206
2858 0.001
2858 19284803.471049886
2859 0.001
2859 8229581.999876886
2859 0.001
2859 23362034.565892234
2859 17086540.821995974
2860 12401160.089214576
2860 3532649.056589473
2860 3570811.491540357
2860 1937976.8044771203
2860 0.001
2860 13511282.644431911
2861 0.001
2861 21610647.830691233
2861 0.001
2861 0.001
2861 10992911.894911319
2861 21104011.557295028
2861 11667361.90662719
2861 923182.0448509378
2862 0.001
2862 0.001
2862 24550098.581481557
2865 30139779.134618502
2866 4663959.3842920195
2866 29642892.793176543
2868 0.001
2868 9436883.886543576
2869 13383142.750790795
2869 15951375.616398878
2871 0.001
2871 0.001
2871 3753215.3351962795
2872 19619468.0921667
2872 20577992.524905242
2873 17108172.925161544
2873 22919759.624121867
2877 18144194.376655333
2878 5281538.178917247
2879 16753233.389562164
2883 247494.9435483169
2883 0.001
2883 0.001
2883 10299554.748169072
2883 20025584.138620306
2884 35395057.985544205
2886 0.001
2886 63767.64436838632
2886 0.001
2886 8954014.533174163
2886 17530514.30473972
2886 6670835.089261691
2886 0.001
2886 0.001
2886 1070718.207379692
2886 0.001
2886 18477134.020839896
2886 22309195.82379663
2887 0.001
2887 13082726.339827387
2888 12540155.337834766
2889 26380008.59489883
2891 15142833.595419038
2891 0.001
2891 20635944.571041927
2892 4970.133610433693
2893 0.001
2893 19218131.656740632
2895 16134208.306786815
2895 2559294.2108119843
2895 40513097.83314829
2898 0.001
2898 1968971.6465901474
2899 0.001
2899 19951041.794977147
2899 0.001
2899 12436633.076115368
2899 7915594.001796533
2899 0.001
2899 16102281.063517507
2899 0.001
2899 0.001
2899 4978588.645250643
2899 4859367.239739657
2899 0.001
2899 13876830.124781393
2900 0.001
2900 0.001
2900 0.001
2900 0.001
2900 0.001
2900 36171054.77492134
2900 0.001
2900 0.001
2900 9666722.332570173
2903 25764701.30492512
2903 14850344.47236687
2903 16106139.518692985
2905 0.001
2905 0.001
2905 24302557.661876127
2906 0.001
2906 531698.2073711071
2907 260105.95044366416
2907 2102704.885285562
2909 12657457.709264474
2910 14864049.2127515
2912 14541597.114963237
2914 0.001
2914 3115212.4909029114
2916 32175085.682526484
2916 0.001
2916 0.001
2916 1538687.2189634496
2916 7982.981979207957
2917 17466982.57227355
2917 2223279.2598018115
2918 0.001
2918 163717.09602130513
2918 0.001
2918 0.001
2918 37996158.94588131
2922 0.001
2922 0.001
2922 23127605.33341533
2925 10369208.054602893
2926 0.001
2926 308110.4264107126
2926 0.001
2926 0.001
2926 30619842.45202724
2926 0.001
2926 0.001
2926 0.001
2926 2938787.8387654903
2926 23741127.982073776
2927 0.001
2927 0.001
2927 25562841.94163747
2927 0.001
2927 20993935.266624186
2927 14750187.996929599
2928 0.001
2928 0.001
2928 476236.4446720516
2928 0.001
2928 0.001
2928 855392.5707426269
2928 0.001
2928 0.001
2928 11378204.57442625
2930 5072376.139315391
2931 444711.4558208659
2931 1532869.2075575653
2932 23950229.692424636
2934 0.001
2934 0.001
2934 13005609.230685208
2934 25138812.811357632
2935 39239564.12731295
2938 1072.6646107127415
2938 1876.7042427415458
2939 0.001
2939 3053350.98072121
2939 0.001
2939 21647491.197883457
2941 0.001
2941 9475280.877559945
2942 35713541.26580234
2945 26337774.68087345
2947 24530665.09684794
2949 6109270.1205607
2949 0.001
2949 6332223.3452527085
2950 35467477.289141975
2952 3377025.0099804676
2954 0.001
2954 0.001
2954 16651469.225146694
2954 515262.2890509714
2954 19015213.01932671
2954 0.001
2954 19120313.528960343
2955 13270238.860592427
2955 0.001
2955 0.001
2955 0.001
2955 4378806.525338493
2955 323237.35388094577
2955 4593936.7421134
2955 0.001
2955 10999392.423192663
2955 0.001
2955 2521149.404122788
2956 0.001
2956 17001803.884790566
2956 10958597.665408978
2956 16670917.120030984
2956 657574.512713211
2956 0.001
2956 14772781.069483424
2956 14307500.30490513
2959 109517.0032080694
2959 0.001
2959 0.001
2959 5231779.438454443
2959 21412571.24314539
2959 14685236.076613983
2961 0.001
2961 30185593.92876677
2962 14039963.658997947
2963 8621579.836592337
2963 0.001
2963 48757270.75194404
2966 22032859.93501909
2968 0.001
2968 1950138.64182842
2968 20841964.805013075
2970 14359300.007644003
2971 4930663.784943821
2971 13480585.220236808
2971 0.001
2971 0.001
2971 23032307.13531803
2971 0.001
2971 21331045.76663894
2972 0.001
2972 0.001
2972 10961.22475936648
2973 26643634.13475224
2974 21513108.67272362
2975 31601960.469677985
2976 0.001
2976 0.001
2976 0.001
2976 0.001
2976 0.001
2976 1655161.573096901
2977 3110520.25749665
2977 14282.550629819236
2979 6497838.331193439
2979 0.001
2979 0.001
2979 0.001
2979 161123.84729832757
2981 3713330.3925732467
2981 10236905.62711887
2983 5089864.262187209
2984 28366772.78588538
2985 0.001
2985 663769.4933689047
2985 0.001
2985 0.001
2985 6329078.578803472
2988 596181.854782363
2988 3061900.849041207
2988 0.001
2988 0.001
2988 0.001
2988 19516621.9566281
2988 0.001
2988 0.001
2988 9956650.81989866
2988 663687.5363047513
2988 12142440.14287951
2989 880039.6931883546
2989 645344.2818853504
2989 24407202.570678633
2989 28116443.55159243
2992 11236098.781266557
2995 0.001
2995 61476901.328424565
2997 5974712.96425185
3000 0.001
3000 0.001
3000 0.001
3000 10349994.11488933
3001 33282503.1675293
3003 2397163.0575173153
3004 333671.602646313
3004 18145762.244280804
3005 0.001
3005 0.001
3005 11288428.875524066
3005 26840864.41819386
3005 23546416.357105486
3008 49700077.58682232
3009 0.001
3009 1822213.052255353
3011 21032258.98067499
3011 2978452.8070083577
3011 1670.4846919347733
3011 0.001
3011 30976963.62147251
3013 0.001
3013 190140.41934059988
3014 0.001
3014 5311432.412667677
3014 21540515.682962805
3015 0.001
3015 24099973.27583068
3016 13735256.534946969
3016 0.001
3016 0.001
3016 14818426.701616244
3016 0.001
3016 0.001
3016 0.001
3016 3316535.228416857
3016 0.001
3016 5173322.199098457
3016 5354978.177114445
3016 0.001
3016 2776079.2025949704
3017 43212770.04012064
3018 4259834.158160529
3018 0.001
3018 479267.1729701332
3018 726976.8013001775
3019 135787.82334821785
3020 0.001
3020 12964682.035074906
3021 42354244.457951725
3022 12798334.104654267
3023 6777346.092906674
3024 26512203.887184553
3028 0.001
3028 0.001
3028 17490844.914874006
3028 19364823.188227277
3028 15423217.826413168
3028 10930041.302131066
3029 3429502.880975084
3029 0.001
3029 8933882.63499067
3030 0.001
3030 0.001
3030 3459642.853907641
3031 17946226.743531607
3032 368.3800288385485
3032 0.001
3032 15349374.32594856
3033 0.001
3033 0.001
3033 21858809.187325966
3033 22532836.451281574
3034 750347.6515823237
3035 2878640.506794292
3036 3751621.2252456015
3041 2890736.509411598
3042 13537243.359516453
3043 0.001
3043 14848926.260488654
3044 2884558.8360276436
3045 0.001
3045 0.001
3045 1440014.721726199
3045 15362923.107506175
3046 9010916.874256842
3046 0.001
3046 0.001
3046 545095.758631176
3047 17084066.3234831
3047 0.001
3047 0.001
3047 0.001
3047 0.001
3047 0.001
3047 15598039.954368593
3047 0.001
3047 0.001
3047 0.001
3047 7967488.641258083
3047 0.001
3047 2181899.667191658
3047 14278947.227618901
3048 17316349.43042831
3049 36680895.98199441
3052 9693218.668917593
3052 8700466.605317382
3054 0.001
3054 0.001
3054 0.001
3054 26561382.086782135
3055 42541081.56721473
3055 3982073.081550288
3055 0.001
3055 0.001
3055 0.001
3055 9930867.576712519
3056 0.001
3056 3042864.613703162
3057 0.001
3057 0.001
3057 6016086.3182753865
3057 1024571.4090812617
3059 0.001
3059 0.001
3059 5098.1323689847795
3059 50834.39445196819
3059 12811692.890846306
3059 0.001
3059 0.001
3059 21668550.00474452
3062 42175.03750418327
3063 0.001
3063 0.001
3063 0.001
3063 6927.723448680978
3067 18701171.58513276
3069 918776.1906678068
3069 17990120.264502484
3069 13550380.80564039
3071 0.001
3071 17792044.107243825
3073 2103584.576535408
3073 16323423.399198048
3075 19431184.135529414
3075 0.001
3075 0.001
3075 0.001
3075 176359.54953568176
3075 0.001
3075 0.001
3075 10479542.972235665
3075 12619905.297953285
3075 20643711.426830098
3075 4931986.291627873
3075 171140.16267057892
3075 16043068.543509478
3075 0.001
3075 0.001
3075 7470312.610771741
3076 0.001
3076 359049.9798445755
3076 52.02246255209781
3077 2504639.3683932205
3080 0.001
3080 6415889.3544693915
3080 12881298.710350417
3081 3744971.26911429
3081 26888467.58560059
3081 3260276.5188973416
3081 0.001
3081 6454289.173205839
3081 17024854.906542193
3083 5664880.857720895
3084 12881585.116427278
3085 913475.3496540623
3085 27583129.25949329
3085 980329.542852411
3086 2693000.047801121
3086 0.001
3086 36348447.768290296
3086 26115962.66476612
3088 0.001
3088 20762696.32118383
3088 0.001
3088 19909527.631743837
3089 32859678.739456907
3089 19297857.49998426
3089 0.001
3089 11754601.383366866
3089 20293887.950214554
3090 0.001
3090 1289097.8189773127
3091 12141184.927965371
3093 17244717.426774923
3094 15424135.208179204
3094 8472744.231416306
3096 0.001
3096 0.001
3096 0.001
3096 0.001
3096 0.001
3096 16184689.4483343
3097 0.001
3097 121385.57366341924
3097 0.001
3097 0.001
3097 0.001
3097 0.001
3097 5748541.444640943
3099 10173537.507434487
3099 0.001
3099 449218.02046075644
3101 39368543.193504564
3101 10022538.790004045
3101 11951276.468956033
3101 0.001
3101 18991449.329964083
3101 0.001
3101 10571383.105441028
3102 0.001
3102 0.001
3102 6708630.445544368
3103 24059190.740804415
3105 2239850.9423756967
3105 15676204.035176022
3109 0.001
3109 0.001
3109 1157170.9838024057
3109 9230171.185688198
3109 2430745.809222137
3109 0.001
3109 16065296.801917484
3109 0.001
3109 0.001
3109 0.001
3109 0.001
3109 12188255.913756208
3110 0.001
3110 0.001
3110 14139727.088245716
3110 0.001
3110 10193501.048136184
3112 0.001
3112 0.001
3112 17019465.272279225
3113 0.001
3113 0.001
3113 7331022.145921392
3114 24898259.57699018
3114 8026332.468984147
3114 6967361.525819511
3114 14384919.49791016
3115 16189000.198106043
3115 110746.29246008811
3117 1023283.8988190946
3117 7660095.98123196
3121 0.001
3121 1266282.9610248734
3123 0.001
3123 0.001
3123 3671766.3615864627
3123 37927086.389135666
3124 32608106.3388169
3124 10014715.53689438
3124 150935.19723910213
3124 2211029.572291891
3125 0.001
3125 2946509.2412992716
3127 5960250.09897116
3127 8091371.846451326
3127 0.001
3127 14278907.989721518
3127 1179593.520377321
3127 20961454.33865455
3127 2850369.7529007373
3129 0.001
3129 0.001
3129 4561429.008223808
3129 0.001
3129 0.001
3129 7752828.125493318
3129 18361943.07083123
3129 0.001
3129 5714280.617419827
3130 0.001
3130 1236445.5482073107
3130 7878485.396182664
3130 8377662.923455742
3130 0.001
3130 37191498.1671376
3131 0.001
3131 23678750.74476984
3131 6282242.028613263
3131 17058486.656253103
3131 16779112.01478764
3133 1415295.186519586
3133 0.001
3133 0.001
3133 21277227.163236655
3133 25692276.867370225
3133 29464750.382335454
3135 18191019.953432143
3136 12877430.647362053
3136 0.001
3136 0.001
3136 0.001
3136 12709473.461111555
3136 2982972.551055522
3136 8188164.296328642
3136 0.001
3136 28917644.63156022
3137 0.001
3137 18934411.9833617
3139 7992515.576972859
3140 0.001
3140 0.001
3140 25347395.477444407
3142 7330242.899521154
3143 13645103.546971917
3143 3803063.6644934565
3143 20258282.625191353
3143 0.001
3143 0.001
3143 6314850.846597471
3143 13328.62778395615
3143 0.001
3143 0.001
3143 0.001
3143 0.001
3143 18212.640576724894
3144 23465644.948530365
3144 6250763.906726411
3146 5152007.173838999
3146 0.001
3146 36705109.72307049
3147 0.001
3147 13343204.337676018
3148 0.001
3148 19246550.57314879
3148 0.001
3148 0.001
3148 4533821.173293885
3149 20963856.031819478
3151 0.001
3151 16194224.498350719
3151 1783798.809980967
3152 680160.8451434374
3153 7647509.602618277
3154 8899662.957993029
3156 0.001
3156 11833621.369067162
3156 0.001
3156 0.001
3156 1396262.997994558
3156 47845698.24216376
3156 0.001
3156 0.001
3156 3542951.3736791867
3156 0.001
3156 26442554.09405406
3156 0.001
3156 18186195.640446704
3157 4994212.018921806
3158 11911859.760646336
3158 2608496.3457113514
3160 53037373.00345495
3163 11486352.40896892
3165 2931559.6968795904
3165 0.001
3165 54634146.68430991
3165 17945426.766889866
3165 2900462.0137603083
3165 2114475.008355654
3165 11929427.062448742
3168 28208379.843468513
3170 1559185.99292846
3172 11945377.136611067
3172 0.001
3172 0.001
3172 0.001
3172 1416096.392646604
3174 11355034.177813724
3174 0.001
3174 4413133.467784953
3174 13820248.387325687
3177 0.001
3177 34228318.93152053
3177 4692426.559586703
3177 6318810.338598564
3179 19664881.5941438
3184 0.001
3184 263413.23011399363
3184 30007401.160948917
3184 12807539.499276029
3185 7856687.543803252
3185 37754870.70873263
3187 18923833.91447273
3187 0.001
3187 8021694.658880456
3187 497528.4160246505
3187 25378.209593033214
3188 0.001
3188 15975948.392439462
3189 6166237.995524777
3190 0.001
3190 3157082.5345950085
3190 0.001
3190 8201825.171163178
3191 2202736.643366864
3191 0.001
3191 0.001
3191 0.001
3191 1230168.873096577
3191 3984686.6866419124
3193 8944861.216293626
3194 6299272.148446931
3196 29284949.552507963
3197 0.001
3197 0.001
3197 14493475.276270011
3199 0.001
3199 47369252.35582941
3201 8671439.650480876
3202 28168463.01081251
3202 10425266.169168632
3202 0.001
3202 24986362.80433942
3202 15700983.476291934
3202 0.001
3202 3321085.483721062
3202 31084891.350539546
3205 0.001
3205 26611324.954543687
3207 0.001
3207 30948410.696211245
3207 0.001
3207 1132083.045949906
3208 0.001
3208 0.001
3208 4824793.0472956095
3208 24996367.284151096
3209 647454.450947529
3209 21564618.00038286
3209 2861045.9257742907
3209 15561850.914008837
3209 248940.86857558144
3209 257311.85250911783
3209 14626389.653070983
3210 0.001
3210 23774830.564865083
3211 8214866.231015799
3211 1449587.1371373883
3211 15186593.554405948
3212 0.001
3212 0.001
3212 0.001
3212 0.001
3212 4153213.436845416
3212 18154853.26732036
3212 0.001
3212 7283370.099762732
3213 5661934.613277478
3213 1352346.8742799216
3213 11890621.605899073
3214 0.001
3214 0.001
3214 23384250.532189038
3215 0.001
3215 17783137.48586304
3215 27609608.156433407
3216 0.001
3216 24304260.00070146
3216 0.001
3216 22014132.71376337
3216 0.001
3216 0.001
3216 31213026.514639117
3217 6072978.409781871
3217 2983423.1049428806
3217 0.001
3217 9441008.510549264
3217 28159111.0455383
3218 0.001
3218 38479216.351963036
3219 12063498.085793762
3219 0.001
3219 0.001
3219 13163735.027928932
3219 638911.2236102031
3219 0.001
3219 15138654.938881198
3220 0.001
3220 1769611.5728095544
3221 1324970.877245371
3221 3429466.3906888394
3221 5833230.266149949
3222 0.001
3222 0.001
3222 0.001
3222 21382223.59503365
3223 22436301.7477202
3224 460362.05386875576
3226 0.001
3226 15480278.449360942
3227 2241735.566283077
3228 12504886.390864016
3228 0.001
3228 21170723.290657204
3230 0.001
3230 12432874.726495923
3230 21470298.88285861
3230 296487.5552344565
3232 681690.4062033341
3232 3371080.9300084044
3234 30335135.08092924
3234 13073957.093589766
3236 0.001
3236 2124106.6598264044
3237 3337156.000686451
3237 34640336.66515858
3237 1002318.124481332
3237 0.001
3237 20761315.83281674
3237 0.001
3237 0.001
3237 0.001
3237 11891031.928226948
3240 21158530.6938678
3242 0.001
3242 0.001
3242 10116774.434713714
3242 3208218.4137875196
3243 2293.264853003211
3244 22348412.882316854
3245 10145922.5822634
3245 208535.9099585601
3245 0.001
3245 19562722.212553546
3246 0.001
3246 0.001
3246 0.001
3246 0.001
3246 1932602.7519189166
3246 81688.54322594233
3248 1153842.943442798
3248 0.001
3248 22047216.739502955
3249 0.001
3249 29548679.43983103
3251 21596178.137560945
3251 0.001
3251 0.001
3251 0.001
3251 0.001
3251 15006489.801253939
3251 0.001
3251 0.001
3251 1208402.6609208863
3251 3923079.448671243
3251 0.001
3251 9282166.546670355
3254 13539827.205177188
3255 33267.6162381484
3256 0.001
3256 0.001
3256 7976068.805486324
3256 38761033.315351
3258 30662093.769260895
3259 0.001
3259 0.001
3259 0.001
3259 99741.04545817296
3260 0.001
3260 7694822.349434009
3261 30842243.409979794
3265 0.001
3265 22116846.103440583
3268 12339949.237646522
3268 0.001
3268 408315.43165298464
3268 0.001
3268 0.001
3268 16799365.43550174
3269 18407568.56844528
3273 0.001
3273 19281096.509865325
3273 0.001
3273 0.001
3273 20457635.02763218
3274 0.001
3274 0.001
3274 0.001
3274 0.001
3274 24163029.07842154
3276 0.001
3276 0.001
3276 0.001
3276 8930751.920989186
3278 19846245.822194383
3279 0.001
3279 5944097.477500452
3281 19608942.301220156
3284 22028226.91723611
3284 1541416.816246919
3284 56264583.562825404
3284 6664813.954872488
3285 0.001
3285 0.001
3285 239085.88760952477
3285 0.001
3285 58535.75110061906
3285 17261349.994570874
3287 0.001
3287 0.001
3287 0.001
3287 0.001
3287 0.001
3287 0.001
3287 0.001
3287 10259461.432271082
3288 0.001
3288 147098.07074948848
3288 0.001
3288 11283461.26203639
3289 19808427.45325502
3289 23364757.02692048
3291 0.001
3291 0.001
3291 31579376.94387345
3291 395052.05123410944
3291 5395122.335047722
3293 8440395.976548398
3293 10228.918060633567
3294 0.001
3294 6471900.0948788645
3294 3027274.6035001045
3294 2718145.6680194004
3294 0.001
3294 6898728.1088011395
3298 17024761.749548204
3298 26300730.542057134
3299 18375721.840778075
3299 13280981.38009421
3300 21996809.35001966
3301 5660491.13303161
3302 0.001
3302 0.0
143 3626798.195219739
243 11549825.5624249
256 -19172442.610679496
168 19753234.408381194
164 -7488119.183889307
319 -4355062.09592928
168 -14818322.036191793
288 -13815991.030547643
92 10044615.91861433
143 5641118.690417242
248 13417774.134484522
101 -11194321.361450842
428 12422334.059203334
450 -5170277.224971059
216 -9016068.641873373
310 11608332.485359214
303 -3137496.0936204568
216 15710986.72200342
495 -8801855.932909848
244 23920592.02645658
398 -420897.6851145154
319 15588704.195898449
388 -3726989.7057383033
101 -3220274.5392320366
449 4771942.262691373
322 -286466.29282774153
354 11904382.948931305
549 -592863.8147302483
291 3472048.8507102733
499 3471330.7687312053
267 -2054195.85474482
192 -1345905.6331396524
512 -13297635.00745518
291 6052633.186779689
581 1791519.108475164
291 11456760.495941155
381 -9056504.115614442
581 3391086.9395708963
615 5911496.7076293295
440 18876465.765481155
629 -4385933.740810533
304 -7541165.855877705
593 -158174.82675018013
130 -11181500.127809303
218 8199587.314431933
607 4908986.04148303
316 2150190.321789792
686 -10063289.20251869
600 -3507501.499631278
590 1403553.3512848767
603 4338246.752017401
470 11021152.282826416
612 241331.1894045265
626 3591453.2754888693
456 11466844.448648933
434 -5261905.862780965
530 1480098.5074588007
237 18126126.618891273
476 1006587.200195127
714 -2368739.4409580366
612 827247.5014994795
724 1580097.4627905656
404 -6065880.501033828
589 -8410739.464415904
776 3501301.2205332136
476 221310.50172537737
751 1143336.0102781274
203 -6517444.120180606
786 15054303.184185175
364 8452786.935441598
617 -224544.45805267146
785 3519262.333522439
774 -8382478.472321217
609 -1495854.8975696748
634 5347485.318417402
590 -966021.9865286378
704 -13928172.01468014
580 454467.29645793437
373 -5379300.187283177
616 37560.439816951235
143 -5853529.029309058
248 -13923006.182858406
425 -21655831.44616039
636 14588442.485174697
246 -7312429.647400779
207 14527377.093832036
322 142382.4376909895
556 -16813.38931911872
764 -3060240.936708946
829 -8468967.534420364
634 11830333.772726588
806 4062440.0241233963
621 -2911413.27384261
543 3215937.5550491847
280 1015450.4170946159
227 11349834.759150362
216 18509926.32873681
495 -10369921.874234833
517 18070149.12438202
589 12725424.307449516
584 9909672.036885597
689 -1667689.0470213387
621 -6824299.360188442
698 17550656.726284336
744 973655.9077432384
849 8704814.905469429
652 -3730480.4646971645
745 1297343.7013024671
316 850129.1648122197
664 5373310.884901684
901 -15434562.430048825
190 3198477.862744478
449 14865109.61948352
609 -1873941.1739583323
805 190921.87938202004
92 -7276426.657891795
423 -18097707.0588485
576 9264393.098305695
612 -1561829.9518637643
724 -2983198.5467190896
763 -10225961.883913698
815 -213416.33021541365
246 3625637.015839661
826 -7536376.739865318
857 -13631457.556150232
869 -4054517.091002845
865 -2600985.1066731904
835 7995835.846680188
473 6529634.992137079
316 2225390.7948497864
664 14065764.446238758
686 -14049628.889687167
689 6777522.670481206
909 5561236.351939727
148 -1535923.03447686
566 -5576719.819956122
398 -776078.1082318375
525 8288269.251287467
777 -725334.782329574
580 620714.7901896401
816 466452.1687957155
844 -12706688.879658828
642 6437736.9905509325
440 3402736.185696744
624 3185317.2624771097
742 441963.7118691523
272 -2859951.561262854
652 55864.32852038394
897 -100074.75490808256
92 5587626.244281632
423 13897374.037800217
714 -2327086.2084864536
755 17438269.497822575
922 -10067405.637277262
976 -2934449.0268672337
652 -5431518.343789599
835 -5469465.793709183
946 -12330060.748208867
768 -634.3511515877243
987 -291220.2796685259
948 14482499.756358152
465 -5992199.790443296
793 -3861193.732727179
869 2402461.7325694966
304 1063139.3681832028
381 -17547334.057924688
640 -705091.1521195093
319 14319723.003619246
388 -3423598.2383676874
526 12254580.77242983
851 -8580491.706891835
189 -3247989.30354934
473 -11045341.98072844
948 -12638805.28714876
885 -3036703.9161995878
941 5672368.819172862
790 -11321093.55482231
404 -11048471.849366665
774 5394533.1826025685
851 11050722.134333577
1019 -14525389.258615931
940 9512554.725170782
844 20031572.306806628
966 -12966607.13697321
729 -12581147.121283866
814 4892421.2977393605
833 -14108.288775217514
735 -1208850.0198541717
611 4234957.653091737
749 3770785.9854671694
767 1057630.8769002778
500 -12599273.654134633
951 9271457.492690884
597 -3972154.80513873
189 10008717.816123772
1020 -3500972.2163678906
829 454158.96104524034
835 -700443.3486687591
670 403079.83422690525
445 8595824.95811534
593 309183.0359351118
648 -2187118.759661981
774 2415625.107634377
804 -5463555.888670225
809 3934011.8454482704
445 -4417833.758703265
1092 -4083215.544826061
749 -3876628.590849174
1059 -11058726.05552593
970 -67887.31101432859
576 19688445.475315344
922 10402459.475931006
965 369230.813883068
672 -19757513.160798766
308 -7530404.469470245
793 1432730.590303037
745 -1533113.045749763
898 -17913320.94138746
950 -3544491.2430484253
454 -3635309.272026367
886 4201376.326257835
961 9860443.454715004
686 -3950121.788678784
689 1905533.604064352
950 2660366.7484018635
587 -6004089.055682244
568 -7554074.974808999
885 518573.3670235649
1029 -2137369.447429015
466 -645833.5648954809
893 -6440988.253075164
326 5820.324665799655
905 -4347778.754435209
970 35878.61381309421
1107 -6878923.9999309
755 -4567903.270020099
777 -9431957.14675245
670 -6587862.410287274
1088 -618168.4311877035
364 -12238930.334435934
801 -4744266.742604414
851 3313135.51990806
1019 -4354881.292661661
1035 5608604.347762246
1105 -10577744.101247601
497 -14942926.35591261
931 219753.71026990144
940 -3769627.170642413
1038 -3035139.7853984134
689 -1110425.1581280187
894 8033828.791127097
576 16126029.533562755
922 8520244.472366923
1112 18107000.312975917
593 -334551.754265978
648 2366573.624002154
1092 -4625922.043768652
454 -7849785.006811934
1130 4244205.643832723
466 -3522964.516999016
1143 583072.2121925171
777 -953707.2680015767
960 10409213.246916713
359 6962954.244016037
1119 9099477.198341204
931 9879901.543948015
960 4411056.241219096
1121 -4822106.763588842
1124 583301.2221331258
500 4319279.485404467
1061 -2853527.9666359243
1161 2662828.040132814
322 2589458.880041633
470 7968065.463942172
570 -541419.0766825892
716 16963924.45328518
1004 1950664.7690606501
775 -1186414.4194883693
1012 2013916.5126246614
667 -1682267.5802037916
932 -7302992.415383341
1108 7071088.797348271
861 14452.261338513592
1004 -10579776.39284616
1201 -4229654.424426068
896 -2320753.3685518424
431 6117326.781749227
742 202120.88488663902
969 834257.884490128
767 125932.74462925633
1059 1285146.876926423
449 -6912521.371735109
794 5282738.735980912
1144 5591320.659081715
1224 -8428328.083598088
1013 -1737906.528141654
551 -275328.60025952506
915 8424965.128440484
1046 15030490.926340928
553 -7247410.17216872
869 -486299.99844370736
942 1959037.2343621391
530 -3239066.3299414837
1134 -3711021.323649792
1124 5709842.038754762
1196 601559.3736331761
1155 3682880.827371331
931 -373758.12286228745
977 5820266.836475583
1167 -13567599.518729867
1259 992510.8937890403
1093 2202039.4284147923
1108 -5683250.18192968
1209 -6390144.362543822
971 4564910.28000687
1062 8149280.371878474
1225 1277747.5970369703
610 -21619709.353790868
1093 -4202479.354430709
1304 -5802953.605601421
667 -18702363.79874799
611 8901709.591262382
1059 3287098.515298573
698 -16181140.894182663
896 -22517458.92309178
1113 -1861697.323408033
1117 -4032117.182116624
445 11437286.203377038
1092 10570996.41294822
1102 -5432975.315785523
1142 -11906011.71478846
815 -14218.230489364303
932 274337.24254842696
1103 -3470363.61708076
1052 -6317039.158069169
1218 496518.4558701849
1301 -6246083.244021015
869 -16920414.73408755
564 -1714717.2225212432
1252 -881168.0248265191
530 855215.5449291937
741 1954880.4762645815
777 -1069908.947660397
960 11677493.466436407
1188 15354165.638124593
814 3058095.8561127055
1045 3059943.339847804
1142 93080.82885766009
896 11665001.787250424
1214 -4126659.486703935
1218 11981986.249127176
1344 670231.5943249809
1144 -4405263.845713197
1255 -1119530.516509147
634 10436263.70357547
806 3583727.744812385
846 7928342.547419771
1319 11671536.170558007
1047 12624108.667203741
1367 -7578661.879225539
654 177526.3599259949
815 -320017.784199003
932 6174664.037784723
1337 411368.6913976902
431 6572126.770125864
1229 17838667.565786004
1304 -8785085.41098517
533 5786755.541399321
1122 -2468890.3498135246
718 9268671.948924387
755 -5163579.787035719
1149 14391131.856624307
449 -2463508.8936787015
1244 1452363.3293129506
905 13972947.863497475
1145 -6765199.917271416
1147 -1657138.9987475376
1320 5094358.695087494
1324 869594.203412945
776 -3016585.9809213877
792 -15006905.774580246
1263 -495868.97382416175
1400 8740303.361355014
869 -5041160.746343954
1014 -5956200.974039592
857 12105555.296753637
936 -14702098.848782757
851 6469795.089266644
1019 -8504086.063579872
1035 10952320.135639573
1159 3283633.4517952306
1312 598372.6642332671
1403 -2966721.961342707
1104 4780765.124794063
504 191107.57220007124
1299 12804880.317089655
1446 -7489881.616891245
1215 5694583.17415569
1304 5796149.311187545
1377 -4406257.647653913
504 -148611.6371651336
1452 -2741652.349799452
978 5828133.9818809
1289 8147572.877364604
1004 7810931.2155704945
1201 3122706.8085451
1212 -16936554.296171952
725 -3021403.2902513687
1205 8935368.936584145
534 -5962678.495856056
1062 -5887266.788665993
1254 16071733.791958379
1144 -4570018.268748681
1255 -1161400.3365194898
1367 915038.7224811239
629 6448577.906583471
1066 10772190.507658837
1298 -1417334.0970249951
1231 -2510536.2546156454
865 10448337.3938411
1225 -1335604.9177577992
1225 6142241.466094678
1494 563986.2797815815
1539 -4245572.141209761
1479 -4370828.636878696
1271 -4025043.133187846
1399 -10819367.241052426
1501 5380873.37612928
1271 -5159824.281477646
1545 12443248.332339447
1352 268572.2697826487
1524 -2694932.9352514087
611 677892.6713856804
1059 250322.7015887912
1319 526168.1877779533
1433 -11220913.36413583
1219 5765690.132908773
1479 3612251.9980855677
777 848071.107316999
960 -9256250.110276856
1188 -12170591.042468885
1354 -13653481.200723547
1077 -13858158.715395723
1482 6669715.1778297415
1505 18599883.153412603
1518 -21595368.49191713
1425 69990.5439116371
1183 934205.7318373416
1446 -8210467.522481704
1455 2590745.8534369967
1370 22445791.55573333
1307 -76408.50813890697
1501 1476437.9223122036
1547 2589351.6280987323
698 -4350166.732741029
896 -6053633.755102677
1323 5581255.575832492
1132 -6911022.733548008
1318 18531084.907745253
1187 1578654.9028323065
1307 3077522.6795911267
1585 -200183.14977931918
1263 -5361675.410881651
1421 1489559.5616807265
1455 585434.8117364517
900 -2259152.72727981
1108 4301523.619513766
1427 -123168.77564203001
1199 -2427683.6022136398
1427 -255322.22449130384
1624 962632.8445164334
809 9781348.540988801
1101 5848561.173169757
1105 1316164.9457644485
1162 -731239.3054175602
1232 376281.8493384889
834 2584678.2025168035
1223 -216820.0859464122
1320 -2087645.5039653105
1483 -901080.7942635564
1524 17271117.28301682
1108 12060117.296794422
1209 13560179.138473421
1304 -10898730.416824719
1513 4303098.571162077
1481 7741236.278661358
1413 6268113.839786263
896 4783546.259899483
1483 13006201.27856408
1069 10992862.939645024
1654 -2122446.0843839142
1066 -13373646.626038311
1517 -15282533.69921603
1383 13140.871497681259
1117 12201861.329160435
1329 -5272820.414677178
1589 7719350.53085177
1224 98772.31207034075
1383 -144.394065911735
1678 -206013.77945595013
1140 -6760091.609589141
1321 -5852006.293283243
1654 -1769271.229757066
1673 1277799.8961184805
921 10549358.889961379
1538 -7257572.737751203
1352 -1976309.6836253155
1552 -3231465.3198687327
1635 -8389231.085437262
1423 34622.43285964821
1650 17117561.506447263
1077 -1860445.9829717965
1564 2688417.5835069125
1498 -6786074.152490807
1445 -5226900.245821785
971 -3870262.092340063
1308 -5383545.289917565
1708 1774643.1743052031
1420 3312785.347396836
1548 13273259.568743799
1074 -11129506.726856265
1230 40564.88780121567
1077 -11202448.467729678
1564 16187978.428090213
1695 2173222.2914661965
1203 5727918.197458731
1483 -668194.4799741113
1513 -5592546.834346796
1645 -13476400.950582813
1655 -10519435.188903926
1512 21136989.257365607
1493 31844.457201400903
1528 -1823412.9743105301
1615 -10512317.328046493
1730 2087665.6176887655
1683 -2073293.2445494744
1199 236877.32935613408
1625 -146377.5010819403
1483 -1615130.2966573464
1670 -1297486.1409444907
1635 8928897.773958141
1693 -6739565.8013104815
937 -3063480.8332223645
1266 11968777.731390638
1203 -1047127.326814077
1581 12137276.38947916
1734 -388790.1582866209
1113 -7990477.398071651
1066 -49774.83372464472
1517 -56879.44320950674
1674 70615.6814836243
1254 -4368901.631615442
1487 -3561903.5530519057
1502 1977116.696807172
1699 3130063.6462504524
1743 11329747.723027218
1324 750779.590853932
1418 919584.4136946906
1743 -2034395.1982743368
983 12827639.091941401
1429 15946464.962038679
1599 2869941.6026217714
1431 -7622001.898105821
1779 387867.1004454587
1155 -2409153.8709851275
1179 -5666461.284807527
1293 -11828240.467629056
1280 10441321.751930023
1224 -5016070.970865423
1260 3061800.6649823585
1479 -2510557.676925892
1543 9550566.850704845
1145 -1873188.3898518733
1716 14080122.118161486
1314 -104174.70142134817
1766 -783793.1416959164
1726 6844324.300601761
1387 3739463.687904245
1774 168723.97491782688
1685 -16751820.554143798
1271 -5544875.70703761
1804 1542871.1860578032
1630 702318.8587697785
1108 8483447.450375088
1298 1780451.2866027567
1520 -16032387.928102339
1624 3231099.4412632002
1751 -14366093.328646412
1813 -14551236.367948381
1538 -5158772.773085464
1623 -2160537.050318152
1749 -14404573.46419465
1730 4455811.156646527
1599 -2703403.257052872
1849 7466214.865264526
1319 210696.22955842147
1352 -784809.5296774831
1371 99087.37242565381
1552 -1283242.600523577
1690 9442839.27714388
990 4298689.014988175
1552 -6698015.20761552
1068 -539796.3950362956
1420 -2398492.3323388677
1700 -1484836.0253742938
1570 3091247.155447324
1882 4108633.2122745784
1787 14557123.15231885
1725 -8543371.162147988
1882 -5183783.3354321625
1895 -18015472.507920645
1650 -10178134.12895882
1694 -14632423.816311818
1596 10213086.374460986
1569 -9096687.49085956
1308 4806369.972138674
1429 3580396.6055454942
1797 4563263.196811471
1420 -15558926.426727869
1661 -56973.704303869075
1727 -3905255.5828406676
1180 -876327.7885718739
1004 -183853.69462475387
1201 -73502.2711295196
1212 398652.6056402524
1474 -294320.783912738
1518 19679529.33003188
1577 -20330029.269399866
1494 -858151.8416514371
1542 -7646510.181285125
1332 -1497468.0912083066
1690 -507277.4050421617
1737 1150517.4396420768
1834 -18252097.27327462
1526 -6668397.9466850115
1785 -6766.162272036946
1800 5031867.170382705
1849 -4632182.63009774
1867 -1785963.6763565952
1715 -9485458.43716795
1811 -165469.35519617
1896 -1326953.6686006763
1431 -697017.9695243093
1843 -305554.62213162996
1931 -280092.59317027667
1615 -9126971.803230546
1750 11164092.394261165
1242 513953.6987181338
1968 4305573.872314263
1966 -2018861.2258610905
1685 2571915.650854851
1841 -1990474.3203296692
1343 -4227255.283474853
1180 12420838.018065237
1924 -597777.7991933256
1988 -11210797.12709121
1707 2938949.1785534048
1799 -455710.26167252247
1715 -1771361.0224931608
1959 2405516.887136067
1865 -6749788.444300403
1861 -3129125.4314471306
1818 -3098871.336122082
1898 -14360636.161217418
1615 11056142.44569597
1750 -13523849.799138526
1850 -592171.113345112
1974 -11741635.258531503
1779 11152468.655146746
1850 -12538603.87178567
2018 481416.98435421963
1553 1644984.7744768679
1344 -11319.420890147245
1817 -2836107.049129749
1548 1217429.023647907
1727 1207433.241915738
1352 964070.3837524491
1552 1576352.1460330072
1690 -11599708.389588363
1868 -4606343.712757279
1655 3123857.1720269206
1738 -4264145.5083402535
1979 2096220.2785482805
1806 6510486.153853641
1344 147418.35538463606
2041 -226245.7626842545
1536 -2485249.8084263667
1946 -1254498.8136854717
1757 484249.2534624229
1758 8712693.588158289
1445 420282.76080901385
1713 -202719.6965167738
1427 23685.704385581827
1965 -2315146.5216444437
2022 1362954.839030731
1909 -3290750.3710011877
1694 -4642186.298871508
1830 -131766.55014994208
1447 -6421169.630766516
1811 164953.323191783
1965 -16339411.24824554
1810 3440414.3267768784
1979 -559693.0322187282
1524 1485295.9858228983
1554 -11341436.104864975
1715 11404660.28860817
2089 4145118.8441666663
1688 9701325.281181982
1280 17542448.699136548
1806 12477754.373578345
1698 654426.6875929435
2017 1234284.775504246
1903 782113.0183382445
1782 -4030879.5126202586
2081 1587832.560129988
1356 -11692260.2692983
1962 212397.8687951465
1528 860774.953443088
1749 -5525678.9935195865
1947 -9568179.411844272
2021 4998113.268978315
2083 -12791972.385724096
2021 3645774.7742755827
2159 15747020.57502658
1423 68463.5203545137
1694 831214.7998116241
2153 15602669.256619364
2056 -15493599.316546667
2157 14545884.734080724
1599 3149598.8894165764
1797 1420743.688822381
1979 4935258.007279299
2123 -160595.3087327281
1560 -1708708.7544778206
1690 -1233235.9693664585
1934 832260.2349130843
2153 12229211.438400043
2167 8061869.58901386
1623 295445.02338733006
1661 18517.836183518983
1858 -2454076.5819687336
1923 -1081359.03618292
2148 3413539.465686364
2010 -15595952.597075155
1930 -3943587.3854950694
2104 -16433816.174119962
1876 191167.45005263828
2185 2051408.3342785712
2042 -7355284.109939145
2144 4286627.772383828
1766 426896.2029760856
1833 -1512003.1131652226
2074 1266968.9651320234
1810 3101768.5233677
2111 6608714.687156074
2156 -8093714.885534556
1427 -213990.7895612315
2094 -7194.548026211808
1806 -23060145.669751357
2022 4296548.7967593325
2170 -10177603.692507392
1488 22263404.85649446
1843 7639066.704433464
1967 -245440.90396354606
1892 -12838325.22633357
2163 -10626879.197170993
2096 3818156.740793232
2221 -2979424.847378518
1877 -14003922.591857133
1970 -4328710.29990899
1310 12678052.53355
1356 6214402.666351651
1964 8760451.48809677
1859 -84779.513553173
1905 2501614.209186406
1522 13077751.830541203
1664 2945001.0526952893
2213 12352023.180269077
2208 11443201.78990156
2262 5609745.616005586
2124 -1021835.3924467672
2063 -13153384.430704858
1986 929282.8507579162
1664 446882.17115867254
2275 2763477.012270243
1711 -13048894.874982085
2220 -2195597.0249262685
1538 -10882405.015939217
1857 7298099.061905833
2156 -1103328.7297820658
2210 2174950.8249976877
2148 -961142.6417455513
2183 -5343544.485665327
1552 -2355794.8865869506
1870 4761256.535550527
2117 -3373002.3075577314
2208 -6578077.843123952
2278 -532799.9698645471
2284 -8702394.002127616
1966 3208007.7640998815
1985 -2048400.2346380088
2188 -4177171.3769402974
1528 64742.12929993837
1941 1602503.9376631978
2190 9774809.577275142
2096 1025640.5496649352
2230 304102.30781870725
2068 -6952558.292879467
1616 15450722.66018288
2294 11387621.117122011
1806 -13266444.874263087
2059 -4505424.207921421
2083 95017.08143567141
1674 8209005.402066424
1515 522116.1463198741
1803 -14029195.171153422
2118 -533142.9029924863
1720 13367587.821217785
2312 576932.7733181613
1987 8882961.458411422
1941 1712521.1970419446
2022 -7571382.283641953
2215 -8065472.447641999
2327 15560949.120008476
2213 -6049668.696190721
2221 14187860.926620126
2234 -2692294.1128142825
2314 907143.2530100932
1806 11779370.318493688
2124 -17059099.111116283
2215 -11757607.496750658
2289 742855.8334524014
2085 6418500.499352065
2083 1944818.326477823
2159 -1959227.612236141
1616 -5110386.61764922
2342 -5316992.240001589
2086 -11030591.700528553
1946 975556.0379328881
2068 -72540.8889855928
1774 1972241.6546451263
1839 1587245.6748315499
2278 407718.7592179281
2110 7770209.221628649
1966 -2013826.0100049837
2018 -3610985.710508837
2066 3478792.062861611
2379 14749830.694895651
2089 -5745996.846460696
2130 -16828884.921305247
1986 -7990897.096288144
2294 -627413.243138926
1810 118107.09208925058
1766 -1182410.2881357176
1833 4187922.085594059
1852 -1411496.2030514914
2207 -2280969.227201274
1834 17688538.2990637
1974 12545540.226748845
2079 2853922.6696071355
2088 -7812506.866616318
